outer_cv_xtest_indexes_ref = [np.array([ 0,  4, 10, 12, 18, 22, 30, 31, 33, 39, 44, 45, 55, 66, 67, 76, 77,
       78, 84, 93, 97]),
np.array([ 5,  9, 11, 15, 16, 26, 28, 35, 40, 42, 47, 53, 64, 70, 72, 81, 83,
       89, 91, 96]),
np.array([ 3,  6,  7,  8, 13, 17, 19, 24, 25, 27, 34, 36, 38, 43, 49, 62, 65,
       73, 79, 94]),
np.array([ 32,  41,  46,  48,  50,  54,  56,  57,  58,  59,  61,  68,  69,
        75,  80,  88,  90,  95,  98, 100]),
np.array([ 1,  2, 14, 20, 21, 23, 29, 37, 51, 52, 60, 63, 71, 74, 82, 85, 86,
       87, 92, 99])]



outer_cv_xtrain_indexes_ref = [np.array([  1,   2,   3,   5,   6,   7,   8,   9,  11,  13,  14,  15,  16,
        17,  19,  20,  21,  23,  24,  25,  26,  27,  28,  29,  32,  34,
        35,  36,  37,  38,  40,  41,  42,  43,  46,  47,  48,  49,  50,
        51,  52,  53,  54,  56,  57,  58,  59,  60,  61,  62,  63,  64,
        65,  68,  69,  70,  71,  72,  73,  74,  75,  79,  80,  81,  82,
        83,  85,  86,  87,  88,  89,  90,  91,  92,  94,  95,  96,  98,
        99, 100]),
np.array([  0,   1,   2,   3,   4,   6,   7,   8,  10,  12,  13,  14,  17,
        18,  19,  20,  21,  22,  23,  24,  25,  27,  29,  30,  31,  32,
        33,  34,  36,  37,  38,  39,  41,  43,  44,  45,  46,  48,  49,
        50,  51,  52,  54,  55,  56,  57,  58,  59,  60,  61,  62,  63,
        65,  66,  67,  68,  69,  71,  73,  74,  75,  76,  77,  78,  79,
        80,  82,  84,  85,  86,  87,  88,  90,  92,  93,  94,  95,  97,
        98,  99, 100]),
np.array([  0,   1,   2,   4,   5,   9,  10,  11,  12,  14,  15,  16,  18,
        20,  21,  22,  23,  26,  28,  29,  30,  31,  32,  33,  35,  37,
        39,  40,  41,  42,  44,  45,  46,  47,  48,  50,  51,  52,  53,
        54,  55,  56,  57,  58,  59,  60,  61,  63,  64,  66,  67,  68,
        69,  70,  71,  72,  74,  75,  76,  77,  78,  80,  81,  82,  83,
        84,  85,  86,  87,  88,  89,  90,  91,  92,  93,  95,  96,  97,
        98,  99, 100]),
np.array([ 0,  1,  2,  3,  4,  5,  6,  7,  8,  9, 10, 11, 12, 13, 14, 15, 16,
       17, 18, 19, 20, 21, 22, 23, 24, 25, 26, 27, 28, 29, 30, 31, 33, 34,
       35, 36, 37, 38, 39, 40, 42, 43, 44, 45, 47, 49, 51, 52, 53, 55, 60,
       62, 63, 64, 65, 66, 67, 70, 71, 72, 73, 74, 76, 77, 78, 79, 81, 82,
       83, 84, 85, 86, 87, 89, 91, 92, 93, 94, 96, 97, 99]),
np.array([  0,   3,   4,   5,   6,   7,   8,   9,  10,  11,  12,  13,  15,
        16,  17,  18,  19,  22,  24,  25,  26,  27,  28,  30,  31,  32,
        33,  34,  35,  36,  38,  39,  40,  41,  42,  43,  44,  45,  46,
        47,  48,  49,  50,  53,  54,  55,  56,  57,  58,  59,  61,  62,
        64,  65,  66,  67,  68,  69,  70,  72,  73,  75,  76,  77,  78,
        79,  80,  81,  83,  84,  88,  89,  90,  91,  93,  94,  95,  96,
        97,  98, 100])]